$ 1 0.000005 337.78679316735355 50 5 43 5e-11
a 192 192 336 192 8 15 -15 1000000 0 0 100000
c 192 96 336 96 0 1e-8 -2.4395e-319 0.001
r 192 176 32 224 0 300000
r 192 32 336 32 0 100000
w 192 176 192 96 0
w 192 96 192 32 0
w 336 32 336 96 0
w 336 96 336 192 0
g 192 208 192 272 0 0
R -176 160 -240 160 0 0 40 0 0 0 0.5
R -176 192 -240 192 0 0 40 10 0 0 0.5
S -96 176 -176 176 0 0 false 0 2
r 192 32 64 32 0 300000
R -32 48 -112 32 0 0 40 -10 0 0 0.5
368 336 192 432 192 0 0
R -32 16 -112 0 0 0 40 -5 0 0 0.5
S -112 272 -208 272 0 0 false 0 2
R -208 288 -272 288 0 0 40 -5 0 0 0.5
R -208 256 -272 256 0 0 40 5 0 0 0.5
S 32 224 -64 224 0 1 false 0 2
w -64 208 -96 176 0
w -64 240 -112 272 0
S 64 32 -32 32 0 0 false 0 2
